00 00 00 00 00 00 00 
00 00 00 00 00 00 00 
0 00 00 00 00 00 00 
0 00 00 00 00 00 00 
0 00 7E 11 11 11 7E 
0 00 7F 41 41 22 1C 
0 00 3F 40 40 40 3F 
0 00 7F 40 40 40 40 
0 00 01 01 7F 01 01 
0 00 00 00 00 00 00 
0 00 01 01 7F 01 01 
0 00 00 41 7F 41 00 
0 00 7F 02 0C 02 7F 
0 00 7F 49 49 49 41 
0 00 00 00 00 00 00 
0 00 00 00 00 00 00 
0 00 00 00 00 00 00 
0 00 00 00 00 00 00 00 00
0 00 00 00 00 00 00 
0 00 00 00 00 00 00 
0 00 00 00 00 00 00 
0 00 00 00 00 00 00 
0 00 00 00 00 00 00 
0 00 00 00 00 00 00 
0 00 00 00 00 00 00 
0 00 00 00 00 00 00 
0 00 00 00 00 00 00 
0 00 00 00 00 00 00 
0 00 00 00 00 00 00 
0 00 00 00 00 00 00 
0 00 00 00 00 00 00 
0 00 00 00 00 00 00 
0 00 00 00 00 00 00 
0 00 00 00 00 00 00 
0 00 00 00 00 00 00 
0 00 00 00 00 00 00 00 00
0 00 00 00 00 00 00 
0 00 00 00 00 00 00 
0 00 00 00 00 00 00 
0 00 00 00 00 00 00 
0 00 00 00 00 00 00 
0 00 00 00 00 00 00 
0 00 00 00 00 00 00 
0 00 00 00 00 00 00 
0 00 00 00 00 00 00 
0 00 00 00 00 00 00 
0 00 00 00 00 00 00 
0 00 00 00 00 00 00 
0 00 00 00 00 00 00 
0 00 00 00 00 00 00 
0 00 00 00 00 00 00 
0 00 00 00 00 00 00 
0 00 00 00 00 00 00 
0 00 00 00 00 00 00 00 00
0 00 00 00 00 00 00 
0 00 00 00 00 00 00 
0 00 00 00 00 00 00 
0 00 00 00 00 00 00 
0 00 00 00 00 00 00 
0 00 00 00 00 00 00 00 00 00 
0 00 3E 51 49 45 3E 
00  00 3E 51 49 45 3E 
00 00 36 36 00 00 
3E 51 49 45 3E 
0 00 3E 51 49 45 3E 
0 00 00 00 00 00 00 
0 00 00 00 00 00 00 
0 00 00 00 00 00 00 
0 00 00 00 00 00 00 
0 00 00 00 00 00 00 
0 00 00 00 00 00 00 
0 00 00 00 00 00 00 00 00
0 00 00 00 00 00 00 
0 00 00 00 00 00 00 
0 00 00 00 00 00 00 
0 00 00 00 00 00 00 
0 00 7F 09 19 29 46 
0 00 38 54 54 54 18 
0 00 20 54 54 54 78 
0 00 00 41 7F 40 00 
0 00 00 00 00 00 00 
0 00 01 01 7F 01 01 
0 00 00 44 7D 40 00 
0 00 7C 04 18 04 78 
0 00 38 54 54 54 18 
0 00 00 00 00 00 00 
0 00 00 00 00 00 00 
0 00 00 00 00 00 00 
0 00 00 00 00 00 00 
0 00 00 00 00 00 00 00 00
0 00 00 00 00 00 00 
0 00 00 00 00 00 00 
0 00 00 00 00 00 00 
0 00 00 00 00 00 00 
0 00 00 00 00 00 00 
0 00 00 00 00 00 00 
0 00 00 00 00 00 00 
0 00 00 00 00 00 00 
0 00 00 00 00 00 00 
0 00 00 00 00 00 00 
0 00 00 00 00 00 00 
0 00 00 00 00 00 00 
0 00 00 00 00 00 00 
0 00 00 00 00 00 00 
0 00 00 00 00 00 00 
0 00 00 00 00 00 00 
0 00 00 00 00 00 00 
0 00 00 00 00 00 00 00 00
0 00 00 00 00 00 00 
0 00 00 00 00 00 00 
0 00 00 00 00 00 00 
0 00 00 00 00 00 00 
0 00 00 00 00 00 00 
0 00 00 00 00 00 00 
0 00 00 00 00 00 00 
0 00 00 00 00 00 00 
0 00 00 00 00 00 00 
0 00 00 00 00 00 00 
0 00 00 00 00 00 00 
0 00 00 00 00 00 00 
0 00 00 00 00 00 00 
0 00 00 00 00 00 00 
0 00 00 00 00 00 00 
0 00 00 00 00 00 00 
0 00 00 00 00 00 00 
0 00 00 00 00 00 00 00 00
0 00 00 7F 41 41 00 
14 08 3E 08 14 
00 41 41 7F 00 
0 00 7F 49 49 49 41 
0 00 44 28 10 28 44 
0 00 00 44 7D 40 00 
0 00 04 3F 44 40 20 
0 00 00 00 00 00 00 
0 00 00 00 00 00 00 
0 00 00 00 00 00 00 
0 00 00 00 00 00 00 
0 00 00 00 00 00 00 
0 00 00 00 00 00 00 
0 00 00 00 00 00 00 
0 00 00 00 00 00 00 
0 00 00 00 00 00 00 
0 00 00 00 00 00 00 
0 00 00 00 00 00 00 00 00 00 00 00 00
