00 00 00 00 00 00 00 
00 00 00 00 00 00 00 
0 00 00 00 00 00 00 
0 00 00 00 00 00 00 
0 00 7F 02 0C 02 7F 
0 00 7E 11 11 11 7E 
0 00 00 41 7F 41 00 
0 00 7F 04 08 10 7F 
0 00 00 00 00 00 00 
0 00 7F 02 0C 02 7F 
0 00 7F 49 49 49 41 
0 00 7F 04 08 10 7F 
0 00 3F 40 40 40 3F 
0 00 00 00 00 00 00 
0 00 00 00 00 00 00 
0 00 00 00 00 00 00 
0 00 00 00 00 00 00 
0 00 00 00 00 00 00 00 00
0 00 00 00 00 00 00 
0 00 00 00 00 00 00 
0 00 00 00 00 00 00 
0 00 00 00 00 00 00 
0 00 00 00 00 00 00 
0 00 00 00 00 00 00 
0 00 00 00 00 00 00 
0 00 00 00 00 00 00 
0 00 00 00 00 00 00 
0 00 00 00 00 00 00 
0 00 00 00 00 00 00 
0 00 00 00 00 00 00 
0 00 00 00 00 00 00 
0 00 00 00 00 00 00 
0 00 00 00 00 00 00 
0 00 00 00 00 00 00 
0 00 00 00 00 00 00 
0 00 00 00 00 00 00 00 00
0 00 00 00 00 00 00 
0 00 00 00 00 00 00 
0 00 00 00 00 00 00 
0 00 00 00 00 00 00 
0 00 00 00 00 00 00 
0 00 00 00 00 00 00 
0 00 00 00 00 00 00 
0 00 00 00 00 00 00 
0 00 00 00 00 00 00 
0 00 00 00 00 00 00 
0 00 00 00 00 00 00 
0 00 00 00 00 00 00 
0 00 00 00 00 00 00 
0 00 00 00 00 00 00 
0 00 00 00 00 00 00 
0 00 00 00 00 00 00 
0 00 00 00 00 00 00 
0 00 00 00 00 00 00 00 00
0 00 00 7F 41 41 00 
00 42 7F 40 00 
00 41 41 7F 00 
0 00 7E 11 11 11 7E 
0 00 38 44 44 48 7F 
0 00 3C 40 40 20 7C 
0 00 00 41 7F 40 00 
0 00 04 3F 44 40 20 
0 00 40 40 40 40 40 
0 00 7F 02 0C 02 7F 
0 00 38 44 44 44 38 
0 00 38 44 44 48 7F 
0 00 38 54 54 54 18 
0 00 00 00 00 00 00 
0 00 00 00 00 00 00 
0 00 00 00 00 00 00 
0 00 00 00 00 00 00 
0 00 00 00 00 00 00 00 00 00 00 00 00
0 00 00 7F 41 41 00 
42 61 51 49 46 
00 41 41 7F 00 
0 00 46 49 49 49 31 
0 00 38 54 54 54 18 
0 00 04 3F 44 40 20 
0 00 04 3F 44 40 20 
0 00 00 44 7D 40 00 
0 00 7C 08 04 04 78 
0 00 0C 52 52 52 3E 
0 00 48 54 54 54 20 
0 00 00 00 00 00 00 
0 00 00 00 00 00 00 
0 00 00 00 00 00 00 
0 00 00 00 00 00 00 
0 00 00 00 00 00 00 
0 00 00 00 00 00 00 
0 00 00 00 00 00 00 00 00 00 00 00 00
0 00 00 00 00 00 00 
0 00 00 00 00 00 00 
0 00 00 00 00 00 00 
0 00 00 00 00 00 00 
0 00 00 00 00 00 00 
0 00 00 00 00 00 00 
0 00 00 00 00 00 00 
0 00 00 00 00 00 00 
0 00 00 00 00 00 00 
0 00 00 00 00 00 00 
0 00 00 00 00 00 00 
0 00 00 00 00 00 00 
0 00 00 00 00 00 00 
0 00 00 00 00 00 00 
0 00 00 00 00 00 00 
0 00 00 00 00 00 00 
0 00 00 00 00 00 00 
0 00 00 00 00 00 00 0 00
0 00 00 00 00 00 00 
0 00 00 00 00 00 00 
0 00 00 00 00 00 00 
0 00 00 00 00 00 00 
0 00 00 00 00 00 00 
0 00 00 00 00 00 00 
0 00 00 00 00 00 00 
0 00 00 00 00 00 00 
0 00 00 00 00 00 00 
0 00 00 00 00 00 00 
0 00 00 00 00 00 00 
0 00 00 00 00 00 00 
0 00 00 00 00 00 00 
0 00 00 00 00 00 00 
0 00 00 00 00 00 00 
0 00 00 00 00 00 00 
0 00 00 00 00 00 00 
0 00 00 00 00 00 00 0 00
0 00 00 7F 41 41 00 
14 08 3E 08 14 
00 41 41 7F 00 
0 00 7F 49 49 49 41 
0 00 44 28 10 28 44 
0 00 00 44 7D 40 00 
0 00 04 3F 44 40 20 
0 00 00 00 00 00 00 
0 00 00 00 00 00 00 
0 00 00 00 00 00 00 
0 00 00 00 00 00 00 
0 00 00 00 00 00 00 
0 00 00 00 00 00 00 
0 00 00 00 00 00 00 
0 00 00 00 00 00 00 
0 00 00 00 00 00 00 
0 00 00 00 00 00 00 
0 00 00 00 00 00 00 00 00 00 00 00 00
